0.104348 3 11 4 2 6 -1 0.0016793
0.0675878 1 5 8 17 6 1 -0.0297055
0.0423508 2 8 11 15 5 1 -0.00713401
0.075607 4 4 7 4 8 -1 0.00131067
0.0849115 1 20 6 1 4 1 -7.06245e-05
0.102035 4 7 12 14 10 1 0.000237795
0.0742741 1 4 3 9 2 1 0.00138072
0.0647867 1 6 13 2 6 -1 -0.000125028
0.0529327 0 18 0 4 1 -1 2.48155e-05
0.0605155 3 1 4 14 9 -1 0.00903371
0.0823166 1 15 9 6 4 1 -0.00332714
0.0506724 1 17 11 3 10 -1 -0.000579127
0.069798 4 3 4 12 4 1 -0.00188837
0.078662 1 7 7 2 6 1 -0.00314477
0.0782195 2 6 12 12 6 1 -0.00122906
